1.50000000 0.00000000
1.49768833 0.08128199
1.49076152 0.16229196
1.47924414 0.24275891
1.46317703 0.32241383
1.44261717 0.40099071
1.41763741 0.47822749
1.38832626 0.55386709
1.35478753 0.62765827
1.31713991 0.69935662
1.27551657 0.76872545
1.23006462 0.83553660
1.18094456 0.89957134
1.12832972 0.96062115
1.07240552 1.01848846
1.01336886 1.07298739
0.95142732 1.12394441
0.88679840 1.17119896
0.81970870 1.21460406
0.75039306 1.25402679
0.67909370 1.28934878
0.60605927 1.32046663
0.53154395 1.34729225
0.45580651 1.36975317
0.37910927 1.38779279
0.30171722 1.40137054
0.22389693 1.41046199
0.14591564 1.41505894
0.06804018 1.41516937
-0.00946393 1.41081743
-0.08633356 1.40204325
-0.16230887 1.38890277
-0.23713433 1.37146751
-0.31055962 1.34982427
-0.38234058 1.32407470
-0.45224009 1.29433495
-0.52002898 1.26073515
-0.58548679 1.22341889
-0.64840265 1.18254267
-0.70857600 1.13827520
-0.76581734 1.09079681
-0.81994888 1.04029866
-0.87080518 0.98698205
-0.91823376 0.93105756
-0.96209562 0.87274426
-1.00226570 0.81226886
-1.03863332 0.74986477
-1.07110257 0.68577126
-1.09959258 0.62023247
-1.12403781 0.55349647
-1.14438822 0.48581436
-1.16060943 0.41743919
-1.17268274 0.34862508
-1.18060520 0.27962621
-1.18438953 0.21069582
-1.18406400 0.14208527
-1.17967227 0.07404306
-1.17127319 0.00681390
-1.15894046 -0.05936222
-1.14276229 -0.12425096
-1.12284106 -0.18762451
-1.09929277 -0.24926241
-1.07224660 -0.30895243
-1.04184435 -0.36649135
-1.00823979 -0.42168566
-0.97159804 -0.47435236
-0.93209486 -0.52431957
-0.88991595 -0.57142719
-0.84525612 -0.61552744
-0.79831855 -0.65648544
-0.74931388 -0.69417965
-0.69845943 -0.72850231
-0.64597822 -0.75935978
-0.59209814 -0.78667291
-0.53705100 -0.81037723
-0.48107155 -0.83042315
-0.42439660 -0.84677614
-0.36726401 -0.85941678
-0.30991178 -0.86834075
-0.25257705 -0.87355881
-0.19549519 -0.87509669
-0.13889884 -0.87299493
-0.08301700 -0.86730864
-0.02807410 -0.85810724
0.02571087 -0.84547409
0.07812524 -0.82950613
0.12896346 -0.81031342
0.17802798 -0.78801864
0.22512993 -0.76275653
0.27008995 -0.73467333
0.31273882 -0.70392611
0.35291813 -0.67068209
0.39048090 -0.63511795
0.42529216 -0.59741902
0.45722941 -0.55777853
0.48618313 -0.51639677
0.51205717 -0.47348024
0.53476910 -0.42924081
0.55425052 -0.38389477
0.57044727 -0.33766196
0.58331966 -0.29076485
0.59284254 -0.24342759
0.59900541 -0.19587509
0.60181238 -0.14833207
0.60128217 -0.10102214
0.59744793 -0.05416684
0.59035712 -0.00798478
0.58007124 0.03730935
0.56666557 0.08150560
0.55022881 0.12439966
0.53086270 0.16579371
0.50868154 0.20549720
0.48381171 0.24332770
0.45639110 0.27911161
0.42656854 0.31268486
0.39450314 0.34389364
0.36036360 0.37259501
0.32432750 0.39865746
0.28658054 0.42196151
0.24731576 0.44240015
0.20673269 0.45987933
0.16503652 0.47431829
0.12243725 0.48564997
0.07914877 0.49382120
0.03538796 0.49879300
-0.00862621 0.50054070
-0.05267361 0.49905405
-0.09653391 0.49433726
-0.13998746 0.48640902
-0.18281626 0.47530237
-0.22480488 0.46106462
-0.26574133 0.44375713
-0.30541800 0.42345506
-0.34363256 0.40024708
-0.38018874 0.37423501
-0.41489725 0.34553338
-0.44757654 0.31426900
-0.47805356 0.28058041
-0.50616458 0.24461733
-0.53175580 0.20654004
-0.55468408 0.16651873
-0.57481754 0.12473282
-0.59203611 0.08137017
-0.60623211 0.03662636
-0.61731069 -0.00929610
-0.62519029 -0.05618869
-0.62980295 -0.10383763
-0.63109472 -0.15202483
-0.62902585 -0.20052878
-0.62357100 -0.24912544
-0.61471944 -0.29758918
-0.60247507 -0.34569374
-0.58685649 -0.39321312
-0.56789695 -0.43992257
-0.54564429 -0.48559947
-0.52016072 -0.53002432
-0.49152268 -0.57298161
-0.45982054 -0.61426074
-0.42515829 -0.65365693
-0.38765315 -0.69097203
-0.34743512 -0.72601542
-0.30464654 -0.75860475
-0.25944149 -0.78856680
-0.21198528 -0.81573815
-0.16245373 -0.83996594
-0.11103258 -0.86110849
-0.05791670 -0.87903596
-0.00330939 -0.89363091
0.05257844 -0.90478879
0.10952911 -0.91241850
0.16731896 -0.91644272
0.22571931 -0.91679836
0.28449730 -0.91343682
0.34341683 -0.90632426
0.40223949 -0.89544181
0.46072552 -0.88078569
0.51863476 -0.86236732
0.57572759 -0.84021331
0.63176590 -0.81436542
0.68651406 -0.78488049
0.73973984 -0.75183023
0.79121536 -0.71530105
0.84071802 -0.67539374
0.88803137 -0.63222316
0.93294605 -0.58591784
0.97526057 -0.53661952
1.01478220 -0.48448267
1.05132775 -0.42967392
1.08472428 -0.37237146
1.11480988 -0.31276440
1.14143435 -0.25105208
1.16445976 -0.18744332
1.18376113 -0.12215566
1.19922692 -0.05541455
1.21075951 0.01254752
1.21827567 0.08149183
1.22170692 0.15117441
1.22099984 0.22134690
1.21611636 0.29175749
1.20703396 0.36215194
1.19374579 0.43227446
1.17626081 0.50186875
1.15460375 0.57067897
1.12881513 0.63845069
1.09895114 0.70493189
1.06508347 0.76987394
1.02729909 0.83303255
0.98570003 0.89416868
0.94040295 0.95304955
0.89153883 1.00944945
0.83925247 1.06315067
0.78370202 1.11394437
0.72505837 1.16163133
0.66350463 1.20602279
0.59923539 1.24694119
0.53245609 1.28422083
0.46338223 1.31770857
0.39223860 1.34726441
0.31925848 1.37276210
0.24468278 1.39408958
0.16875913 1.41114951
0.09174103 1.42385960
0.01388684 1.43215301
-0.06454112 1.43597862
-0.14327753 1.43530124
-0.22205512 1.43010181
-0.30060559 1.42037745
-0.37866064 1.40614156
-0.45595298 1.38742378
-0.53221728 1.36426992
-0.60719122 1.33674177
-0.68061641 1.30491698
-0.75223941 1.26888872
-0.82181262 1.22876541
-0.88909525 1.18467032
-0.95385421 1.13674114
-1.01586497 1.08512945
-1.07491241 1.03000026
-1.13079163 0.97153133
-1.18330870 0.90991256
-1.23228140 0.84534530
-1.27753992 0.77804164
-1.31892745 0.70822356
-1.35630080 0.63612221
-1.38953093 0.56197699
-1.41850344 0.48603471
-1.44311898 0.40854866
-1.46329363 0.32977769
-1.47895920 0.24998526
-1.49006350 0.16943845
-1.49657053 0.08840699
-1.49846059 0.00716228
-1.49573039 -0.07402365
-1.48839299 -0.15487911
-1.47647784 -0.23513376
-1.46003057 -0.31451964
-1.43911286 -0.39277208
-1.41380221 -0.46963076
-1.38419162 -0.54484061
-1.35038923 -0.61815276
-1.31251792 -0.68932546
-1.27071485 -0.75812499
-1.22513091 -0.82432646
-1.17593018 -0.88771466
-1.12328926 -0.94808484
-1.06739665 -1.00524349
-1.00845200 -1.05900895
-0.94666537 -1.10921215
-0.88225643 -1.15569718
-0.81545361 -1.19832185
-0.74649329 -1.23695819
-0.67561883 -1.27149289
-0.60307974 -1.30182771
-0.52913066 -1.32787981
-0.45403045 -1.34958201
-0.37804120 -1.36688301
-0.30142726 -1.37974757
-0.22445423 -1.38815656
-0.14738796 -1.39210702
-0.07049361 -1.39161214
0.00596542 -1.38670114
0.08172841 -1.37741911
0.15653830 -1.36382685
0.23014268 -1.34600054
0.30229467 -1.32403144
0.37275388 -1.29802551
0.44128724 -1.26810291
0.50766993 -1.23439759
0.57168612 -1.19705667
0.63312981 -1.15623987
0.69180558 -1.11211886
0.74752923 -1.06487657
0.80012852 -1.01470647
0.84944374 -0.96181178
0.89532825 -0.90640467
0.93764906 -0.84870541
0.97628721 -0.78894154
1.01113822 -0.72734692
1.04211243 -0.66416085
1.06913526 -0.59962714
1.09214746 -0.53399310
1.11110529 -0.46750867
1.12598060 -0.40042536
1.13676086 -0.33299532
1.14344922 -0.26547038
1.14606435 -0.19810102
1.14464035 -0.13113548
1.13922654 -0.06481875
1.12988723 0.00060834
1.11670137 0.06491005
1.09976220 0.12785661
1.07917682 0.18922512
1.05506573 0.24880035
1.02756230 0.30637559
0.99681214 0.36175342
0.96297256 0.41474640
0.92621183 0.46517783
0.88670853 0.51288235
0.84465073 0.55770657
0.80023528 0.59950961
0.75366694 0.63816364
0.70515754 0.67355426
0.65492516 0.70558097
0.60319314 0.73415749
0.55018926 0.75921200
0.49614476 0.78068746
0.44129341 0.79854166
0.38587055 0.81274742
0.33011218 0.82329261
0.27425396 0.83018010
0.21853026 0.83342775
0.16317328 0.83306823
0.10841204 0.82914883
0.05447153 0.82173126
0.00157176 0.81089127
-0.05007308 0.79671836
-0.10025548 0.77931530
-0.14877545 0.75879770
-0.19544127 0.73529348
-0.24007029 0.70894230
-0.28248960 0.67989495
-0.32253677 0.64831269
-0.36006040 0.61436655
-0.39492078 0.57823657
-0.42699038 0.54011108
-0.45615436 0.50018586
-0.48231101 0.45866330
-0.50537213 0.41575156
-0.52526331 0.37166369
-0.54192429 0.32661673
-0.55530908 0.28083077
-0.56538619 0.23452806
-0.57213866 0.18793208
-0.57556413 0.14126657
-0.57567483 0.09475461
-0.57249746 0.04861771
-0.56607306 0.00307486
-0.55645683 -0.04165837
-0.54371783 -0.08537074
-0.52793871 -0.12785622
-0.50921532 -0.16891481
-0.48765627 -0.20835343
-0.46338248 -0.24598668
-0.43652664 -0.28163761
-0.40723266 -0.31513849
-0.37565502 -0.34633149
-0.34195811 -0.37506931
-0.30631556 -0.40121584
-0.26890947 -0.42464669
-0.22992965 -0.44524972
-0.18957282 -0.46292553
-0.14804174 -0.47758782
-0.10554441 -0.48916383
-0.06229314 -0.49759457
-0.01850369 -0.50283514
0.02560566 -0.50485487
0.06981505 -0.50363748
0.11390392 -0.49918114
0.15765200 -0.49149850
0.20084018 -0.48061665
0.24325149 -0.46657701
0.28467198 -0.44943516
0.32489165 -0.42926064
0.36370533 -0.40613666
0.40091356 -0.38015977
0.43632342 -0.35143948
0.46974937 -0.32009782
0.50101405 -0.28626883
0.52994901 -0.25009804
0.55639547 -0.21174186
0.58020499 -0.17136697
0.60124011 -0.12914961
0.61937496 -0.08527492
0.63449580 -0.03993610
0.64650157 0.00666628
0.65530429 0.05432519
0.66082948 0.10282793
0.66301652 0.15195699
0.66181894 0.20149102
0.65720464 0.25120564
0.64915610 0.30087443
0.63767045 0.35026985
0.62275957 0.39916415
0.60445006 0.44733035
0.58278322 0.49454316
0.55781489 0.54057992
0.52961527 0.58522152
0.49826874 0.62825331
0.46387348 0.66946604
0.42654120 0.70865666
0.38639667 0.74562926
0.34357731 0.78019582
0.29823263 0.81217708
0.25052373 0.84140325
0.20062261 0.86771476
0.14871161 0.89096296
0.09498261 0.91101074
0.03963640 0.92773314
-0.01711818 0.94101794
-0.07506502 0.95076612
-0.13398155 0.95689233
-0.19363966 0.95932529
-0.25380656 0.95800815
-0.31424568 0.95289876
-0.37471763 0.94396990
-0.43498113 0.93120948
-0.49479396 0.91462061
-0.55391394 0.89422170
-0.61209984 0.87004641
-0.66911240 0.84214361
-0.72471524 0.81057726
-0.77867586 0.77542618
-0.83076649 0.73678384
-0.88076510 0.69475804
-0.92845621 0.64947057
-0.97363182 0.60105675
-1.01609226 0.54966500
-1.05564696 0.49545627
-1.09211527 0.43860352
-1.12532717 0.37929105
-1.15512403 0.31771384
-1.18135920 0.25407688
-1.20389871 0.18859433
-1.22262176 0.12148881
-1.23742129 0.05299053
-1.24820443 -0.01666354
-1.25489291 -0.08723060
-1.25742343 -0.15846289
-1.25574795 -0.23010862
-1.24983394 -0.30191298
-1.23966454 -0.37361900
-1.22523871 -0.44496864
-1.20657128 -0.51570369
-1.18369294 -0.58556677
-1.15665021 -0.65430236
-1.12550527 -0.72165769
-1.09033581 -0.78738380
-1.05123478 -0.85123643
-1.00831010 -0.91297700
-0.96168426 -0.97237351
-0.91149396 -1.02920145
-0.85788957 -1.08324464
-0.80103468 -1.13429612
-0.74110546 -1.18215891
-0.67829006 -1.22664680
-0.61278794 -1.26758508
-0.54480913 -1.30481121
-0.47457351 -1.33817548
-0.40230996 -1.36754160
-0.32825559 -1.39278723
-0.25265481 -1.41380448
-0.17575847 -1.43050035
-0.09782293 -1.44279710
-0.01910911 -1.45063258
0.06011845 -1.45396048
0.13959258 -1.45275055
0.21904450 -1.44698874
0.29820475 -1.43667728
0.37680425 -1.42183468
0.45457526 -1.40249571
0.53125241 -1.37871132
0.60657363 -1.35054840
0.68028120 -1.31808963
0.75212265 -1.28143316
0.82185172 -1.24069226
0.88922928 -1.19599493
0.95402422 -1.14748344
1.01601433 -1.09531382
1.07498707 -1.03965529
1.13074044 -0.98068963
1.18308366 -0.91861055
1.23183794 -0.85362295
1.27683710 -0.78594221
1.31792821 -0.71579334
1.35497217 -0.64341021
1.38784419 -0.56903465
1.41643428 -0.49291558
1.44064763 -0.41530809
1.46040500 -0.33647248
1.47564296 -0.25667334
1.48631417 -0.17617852
1.49238749 -0.09525818
1.49384814 -0.01418379
1.49069772 0.06677289
1.48295419 0.14734080
1.47065182 0.22725059
1.45384100 0.30623561
1.43258810 0.38403285
1.40697514 0.46038400
1.37709956 0.53503631
1.34307373 0.60774355
1.30502462 0.67826693
1.26309324 0.74637595
1.21743414 0.81184925
1.16821478 0.87447540
1.11561493 0.93405369
1.05982594 0.99039485
1.00105004 1.04332172
0.93949957 1.09266989
0.87539615 1.13828830
0.80896985 1.18003974
0.74045830 1.21780136
0.67010584 1.25146510
0.59816253 1.28093803
0.52488324 1.30614267
0.45052667 1.32701728
0.37535441 1.34351597
0.29962990 1.35560892
0.22361749 1.36328239
0.14758141 1.36653874
0.07178480 1.36539637
-0.00351127 1.35988965
-0.07804879 1.35006867
-0.15157378 1.33599906
-0.22383720 1.31776166
-0.29459588 1.29545219
-0.36361347 1.26918085
-0.43066123 1.23907181
-0.49551894 1.20526273
-0.55797566 1.16790420
-0.61783052 1.12715909
-0.67489344 1.08320190
-0.72898581 1.03621808
-0.77994115 0.98640325
-0.82760566 0.93396244
-0.87183881 0.87910924
-0.91251377 0.82206499
-0.94951790 0.76305787
-0.98275310 0.70232204
-1.01213610 0.64009665
-1.03759879 0.57662496
-1.05908837 0.51215336
-1.07656749 0.44693041
-1.09001438 0.38120588
-1.09942279 0.31522974
-1.10480204 0.24925125
-1.10617687 0.18351794
-1.10358726 0.11827469
-1.09708825 0.05376276
-1.08674966 -0.00978112
-1.07265572 -0.07212566
-1.05490471 -0.13304589
-1.03360849 -0.19232403
-1.00889205 -0.24975031
-0.98089289 -0.30512374
-0.94976047 -0.35825290
-0.91565556 -0.40895664
-0.87874958 -0.45706474
-0.83922380 -0.50241857
-0.79726866 -0.54487162
-0.75308293 -0.58429011
-0.70687289 -0.62055339
-0.65885148 -0.65355440
-0.60923740 -0.68320007
-0.55825423 -0.70941158
-0.50612952 -0.73212464
-0.45309383 -0.75128972
-0.39937980 -0.76687214
-0.34522121 -0.77885218
-0.29085202 -0.78722509
-0.23650543 -0.79200105
-0.18241293 -0.79320507
-0.12880337 -0.79087684
-0.07590204 -0.78507051
-0.02392974 -0.77585438
0.02689805 -0.76331064
0.07637210 -0.74753490
0.12429022 -0.72863583
0.17045807 -0.70673461
0.21468995 -0.68196440
0.25680953 -0.65446977
0.29665051 -0.62440606
0.33405735 -0.59193870
0.36888581 -0.55724248
0.40100354 -0.52050084
0.43029059 -0.48190502
0.45663988 -0.44165331
0.47995762 -0.39995015
0.50016362 -0.35700532
0.51719163 -0.31303300
0.53098958 -0.26825087
0.54151975 -0.22287924
0.54875889 -0.17714008
0.55269830 -0.13125608
0.55334385 -0.08544976
0.55071587 -0.03994250
0.54484913 0.00504639
0.53579259 0.04930056
0.52360918 0.09260754
0.50837558 0.13475962
0.49018179 0.17555476
0.46913081 0.21479736
0.44533813 0.25229915
0.41893129 0.28787991
0.39004928 0.32136830
0.35884197 0.35260251
0.32546948 0.38143097
0.29010146 0.40771298
0.25291642 0.43131930
0.21410093 0.45213269
0.17384888 0.47004841
0.13236060 0.48497466
0.08984205 0.49683299
0.04650397 0.50555860
0.00256094 0.51110063
-0.04176948 0.51342242
-0.08626769 0.51250161
-0.13071297 0.50833031
-0.17488441 0.50091512
-0.21856184 0.49027709
-0.26152677 0.47645169
-0.30356329 0.45948867
-0.34445902 0.43945187
-0.38400598 0.41641894
-0.42200147 0.39048109
-0.45824898 0.36174271
-0.49255895 0.33032092
-0.52474965 0.29634518
-0.55464793 0.25995668
-0.58208996 0.22130787
-0.60692194 0.18056178
-0.62900078 0.13789137
-0.64819473 0.09347888
-0.66438392 0.04751503
-0.67746094 0.00019831
-0.68733132 -0.04826587
-0.69391391 -0.09766601
-0.69714131 -0.14778535
-0.69696019 -0.19840277
-0.69333151 -0.24929372
-0.68623079 -0.30023109
-0.67564821 -0.35098617
-0.66158873 -0.40132957
-0.64407210 -0.45103219
-0.62313287 -0.49986615
-0.59882026 -0.54760570
-0.57119801 -0.59402822
-0.54034423 -0.63891506
-0.50635107 -0.68205254
-0.46932443 -0.72323276
-0.42938359 -0.76225453
-0.38666076 -0.79892417
-0.34130059 -0.83305638
-0.29345966 -0.86447496
-0.24330588 -0.89301360
-0.19101784 -0.91851661
-0.13678417 -0.94083954
-0.08080280 -0.95984987
-0.02328021 -0.97542752
0.03556938 -0.98746546
0.09552481 -0.99587015
0.15635883 -1.00056197
0.21783901 -1.00147564
0.27972865 -0.99856047
0.34178764 -0.99178070
0.40377349 -0.98111565
0.46544219 -0.96655990
0.52654924 -0.94812337
0.58685058 -0.92583132
0.64610356 -0.89972435
0.70406790 -0.86985832
0.76050664 -0.83630413
0.81518712 -0.79914756
0.86788183 -0.75848900
0.91836942 -0.71444307
0.96643551 -0.66713830
1.01187360 -0.61671661
1.05448587 -0.56333290
1.09408404 -0.50715442
1.13049006 -0.44836022
1.16353692 -0.38714050
1.19306929 -0.32369589
1.21894417 -0.25823677
1.24103152 -0.19098243
1.25921477 -0.12216034
1.27339135 -0.05200522
1.28347311 0.01924175
1.28938674 0.09133389
1.29107409 0.16401991
1.28849243 0.23704487
1.28161472 0.31015114
1.27042969 0.38307933
1.25494201 0.45556934
1.23517230 0.52736130
1.21115709 0.59819656
1.18294874 0.66781867
1.15061531 0.73597439
1.11424034 0.80241462
1.07392258 0.86689536
1.02977566 0.92917866
0.98192773 0.98903352
0.93052097 1.04623680
0.87571116 1.10057402
0.81766708 1.15184028
0.75656993 1.19984098
0.69261268 1.24439259
0.62599941 1.28532340
0.55694450 1.32247413
0.48567193 1.35569863
0.41241441 1.38486436
0.33741258 1.40985301
0.26091410 1.43056090
0.18317272 1.44689943
0.10444741 1.45879542
0.02500136 1.46619142
-0.05489899 1.46904595
-0.13498490 1.46733368
-0.21498635 1.46104555
-0.29463304 1.45018882
-0.37365538 1.43478708
-0.45178548 1.41488016
-0.52875817 1.39052402
-0.60431197 1.36179058
-0.67819005 1.32876742
-0.75014119 1.29155752
-0.81992074 1.25027886
-0.88729147 1.20506402
-0.95202451 1.15605967
-1.01390017 1.10342606
-1.07270875 1.04733646
-1.12825132 0.98797646
-1.18034050 0.92554333
-1.22880107 0.86024531
-1.27347070 0.79230081
-1.31420050 0.72193762
-1.35085557 0.64939207
-1.38331552 0.57490814
-1.41147490 0.49873661
-1.43524358 0.42113406
-1.45454705 0.34236197
-1.46932674 0.26268576
-1.47954019 0.18237375
-1.48516121 0.10169625
-1.48617993 0.02092449
-1.48260289 -0.05967035
-1.47445293 -0.13981813
-1.46176911 -0.21925078
-1.44460658 -0.29770326
-1.42303632 -0.37491455
-1.39714485 -0.45062860
-1.36703391 -0.52459529
-1.33282007 -0.59657130
-1.29463423 -0.66632108
-1.25262117 -0.73361763
-1.20693892 -0.79824336
-1.15775822 -0.85999090
-1.10526181 -0.91866380
-1.04964374 -0.97407730
-0.99110864 -1.02605894
-0.92987091 -1.07444918
-0.86615393 -1.11910201
-0.80018918 -1.15988542
-0.73221535 -1.19668185
-0.66247748 -1.22938864
-0.59122597 -1.25791832
-0.51871566 -1.28219895
-0.44520486 -1.30217431
-0.37095437 -1.31780407
-0.29622648 -1.32906390
-0.22128401 -1.33594553
-0.14638930 -1.33845671
-0.07180323 -1.33662115
0.00221576 -1.33047836
0.07541265 -1.32008346
0.14753677 -1.30550692
0.21834274 -1.28683426
0.28759138 -1.26416564
0.35505063 -1.23761544
0.42049634 -1.20731180
0.48371314 -1.17339607
0.54449524 -1.13602219
0.60264713 -1.09535611
0.65798433 -1.05157509
0.71033403 -1.00486695
0.75953572 -0.95542937
0.80544177 -0.90346904
0.84791791 -0.84920085
0.88684371 -0.79284704
0.92211301 -0.73463631
0.95363424 -0.67480290
0.98133075 -0.61358566
1.00514100 -0.55122714
1.02501878 -0.48797259
1.04093329 -0.42406902
1.05286923 -0.35976424
1.06082676 -0.29530587
1.06482146 -0.23094038
1.06488419 -0.16691213
1.06106090 -0.10346245
1.05341242 -0.04082865
1.04201411 0.02075683
1.02695552 0.08106738
1.00833998 0.13988304
0.98628415 0.19699136
0.96091745 0.25218820
0.93238154 0.30527852
0.90082970 0.35607710
0.86642614 0.40440924
0.82934532 0.45011143
0.78977123 0.49303190
0.74789658 0.53303127
0.70392198 0.56998295
0.65805516 0.60377369
0.61051006 0.63430392
0.56150595 0.66148810
0.51126651 0.68525505
0.46001897 0.70554814
0.40799308 0.72232547
0.35542026 0.73555998
0.30253257 0.74523954
0.24956184 0.75136687
0.19673868 0.75395954
0.14429154 0.75304980
0.09244582 0.74868442
0.04142290 0.74092444
-0.00856067 0.72984485
-0.05729415 0.71553427
-0.10457336 0.69809450
-0.15020156 0.67764009
-0.19399021 0.65429781
-0.23575974 0.62820608
-0.27534026 0.59951436
-0.31257222 0.56838255
-0.34730708 0.53498021
-0.37940785 0.49948589
-0.40874967 0.46208636
-0.43522027 0.42297575
-0.45872043 0.38235483
-0.47916434 0.34043004
-0.49647994 0.29741269
-0.51060920 0.25351805
-0.52150831 0.20896441
-0.52914787 0.16397219
-0.53351295 0.11876302
-0.53460316 0.07355877
-0.53243260 0.02858062
-0.52702981 -0.01595181
-0.51843760 -0.05982147
-0.50671286 -0.10281473
-0.49192632 -0.14472228
-0.47416223 -0.18534004
-0.45351798 -0.22447000
-0.43010369 -0.26192104
-0.40404173 -0.29750976
-0.37546623 -0.33106121
-0.34452244 -0.36240967
-0.31136619 -0.39139932
-0.27616318 -0.41788490
-0.23908829 -0.44173236
-0.20032487 -0.46281936
-0.16006392 -0.48103585
-0.11850332 -0.49628452
-0.07584699 -0.50848120
-0.03230402 -0.51755526
0.01191218 -0.52344991
0.05658480 -0.52612240
0.10149457 -0.52554431
0.14642060 -0.52170160
0.19114140 -0.51459474
0.23543575 -0.50423870
0.27908365 -0.49066293
0.32186728 -0.47391124
0.36357188 -0.45404166
0.40398665 -0.43112622
0.44290569 -0.40525065
0.48012885 -0.37651408
0.51546256 -0.34502865
0.54872070 -0.31091905
0.57972537 -0.27432205
0.60830764 -0.23538595
0.63430832 -0.19427000
0.65757862 -0.15114373
0.67798080 -0.10618634
0.69538881 -0.05958590
0.70968879 -0.01153868
0.72077964 0.03775170
0.72857342 0.08807509
0.73299583 0.13921561
0.73398650 0.19095258
0.73149929 0.24306135
0.72550260 0.29531430
0.71597944 0.34748168
0.70292767 0.39933259
0.68635997 0.45063593
0.66630390 0.50116133
0.64280181 0.55068008
0.61591075 0.59896610
0.58570228 0.64579687
0.55226225 0.69095431
0.51569047 0.73422575
0.47610043 0.77540475
0.43361882 0.81429201
0.38838514 0.85069617
0.34055113 0.88443464
0.29028026 0.91533435
0.23774709 0.94323252
0.18313664 0.96797732
0.12664365 0.98942855
0.06847190 1.00745823
0.00883340 1.02195119
-0.05205242 1.03280556
-0.11395954 1.03993324
-0.17665623 1.04326032
-0.23990593 1.04272743
-0.30346819 1.03829001
-0.36709956 1.02991859
-0.43055461 1.01759895
-0.49358680 1.00133225
-0.55594951 0.98113509
-0.61739699 0.95703948
-0.67768531 0.92909283
-0.73657335 0.89735781
-0.79382371 0.86191215
-0.84920372 0.82284843
-0.90248628 0.78027375
-0.95345084 0.73430940
-1.00188425 0.68509044
-1.04758159 0.63276522
-1.09034705 0.57749488
-1.12999468 0.51945276
-1.16634916 0.45882380
-1.19924652 0.39580384
-1.22853481 0.33059896
-1.25407472 0.26342467
-1.27574018 0.19450517
-1.29341886 0.12407250
-1.30701268 0.05236567
-1.31643824 -0.02037020
-1.32162713 -0.09388479
-1.32252633 -0.16792355
-1.31909840 -0.24222862
-1.31132169 -0.31653981
-1.29919048 -0.39059557
-1.28271504 -0.46413399
-1.26192168 -0.53689377
-1.23685263 -0.60861522
-1.20756602 -0.67904125
-1.17413561 -0.74791831
-1.13665063 -0.81499742
-1.09521547 -0.88003506
-1.04994930 -0.94279410
-1.00098570 -1.00304475
-0.94847219 -1.06056542
-0.89256969 -1.11514353
-0.83345197 -1.16657638
-0.77130503 -1.21467192
-0.70632642 -1.25924946
-0.63872455 -1.30014040
-0.56871793 -1.33718887
-0.49653436 -1.37025234
-0.42241011 -1.39920216
-0.34658907 -1.42392409
-0.26932185 -1.44431875
-0.19086486 -1.46030197
-0.11147934 -1.47180518
-0.03143047 -1.47877565
0.04901369 -1.48117673
0.12958313 -1.47898800
0.21000689 -1.47220535
0.29001412 -1.46084105
0.36933501 -1.44492368
0.44770182 -1.42449806
0.52484986 -1.39962512
0.60051850 -1.37038165
0.67445210 -1.33686003
0.74640096 -1.29916794
0.81612228 -1.25742792
0.88338100 -1.21177695
0.94795072 -1.16236595
1.00961452 -1.10935922
1.06816575 -1.05293384
1.12340881 -0.99327901
1.17515986 -0.93059536
1.22324750 -0.86509421
1.26751339 -0.79699676
1.30781284 -0.72653334
1.34401534 -0.65394247
1.37600504 -0.57947004
1.40368114 -0.50336837
1.42695826 -0.42589528
1.44576678 -0.34731315
1.46005304 -0.26788791
1.46977954 -0.18788809
1.47492505 -0.10758382
1.47548471 -0.02724582
1.47146995 0.05285561
1.46290852 0.13245157
1.44984429 0.21127555
1.43233709 0.28906443
1.41046248 0.36555945
1.38431143 0.44050713
1.35398992 0.51366025
1.31961858 0.58477872
1.28133220 0.65363045
1.23927916 0.71999223
1.19362088 0.78365053
1.14453121 0.84440224
1.09219571 0.90205547
1.03681096 0.95643015
0.97858380 1.00735877
0.91773053 1.05468690
0.85447606 1.09827375
0.78905307 1.13799269
0.72170111 1.17373165
